各項報表查詢(T004) - 有價證券競價拍賣系統

Page 1 of 24

得標單價總表(T004)

有價證券名稱： 2646 星宇航空

競價拍賣⽅式： 美國標

主辦承銷商： 第⼀⾦

投標最低單位(張)： 1

印表時間： 2024/10/11 11:18:37

⾴數： 1

序號

得標單價(元)

得標數量(仟股)

得標總⾦額(仟元)

1

2

3

4

5

6

7

8

9

10

11

12

13

14

15

16

100.0000

37.0900

36.0000

35.1000

35.0000

34.7800

34.6900

33.8800

33.0000

32.0000

31.5000

31.1100

31.0000

30.6600

30.6000

30.5000

2

2

1

33

26

6

1

1

301

99

6

1

106

11

3

3

200.00

74.18

36.00

1,158.30

910.00

208.68

34.69

33.88

9,933.00

3,168.00

189.00

31.11

3,286.00

337.26

91.80

91.50

https://scas.twse.com.tw/SCAS/StockExchange/Report

2024/10/11

各項報表查詢(T004) - 有價證券競價拍賣系統

Page 2 of 24

17

18

19

20

21

22

23

24

25

26

27

28

29

30

31

32

33

34

35

36

37

38

39

40

30.4000

30.2000

30.1700

30.1000

30.0500

30.0000

29.9900

29.9600

29.9500

29.9000

29.8800

29.8000

29.5000

29.4500

29.4000

29.1000

29.0000

28.9000

28.8800

28.8000

28.7700

28.7000

28.6500

28.5800

11

10

4

1

16

238

2

2

8

12

1

21

36

2

3

17

232

3

5

43

5

10

10

15

334.40

302.00

120.68

30.10

480.80

7,140.00

59.98

59.92

239.60

358.80

29.88

625.80

1,062.00

58.90

88.20

494.70

6,728.00

86.70

144.40

1,238.40

143.85

287.00

286.50

428.70

https://scas.twse.com.tw/SCAS/StockExchange/Report

2024/10/11

各項報表查詢(T004) - 有價證券競價拍賣系統

Page 3 of 24

41

42

43

44

45

46

47

48

49

50

51

52

53

54

55

56

57

58

59

60

61

62

63

64

28.5000

28.3500

28.3300

28.3000

28.2200

28.2000

28.1500

28.1300

28.1000

28.0000

27.9900

27.9000

27.8800

27.8600

27.8500

27.8200

27.8000

27.7000

27.6800

27.6000

27.5800

27.5500

27.5200

27.5100

112

3,192.00

3

1

1

2

8

1

1

37

372

1

2

2

4

3

10

38

20

50

52

20

6

1

1

85.05

28.33

28.30

56.44

225.60

28.15

28.13

1,039.70

10,416.00

27.99

55.80

55.76

111.44

83.55

278.20

1,056.40

554.00

1,384.00

1,435.20

551.60

165.30

27.52

27.51

https://scas.twse.com.tw/SCAS/StockExchange/Report

2024/10/11

各項報表查詢(T004) - 有價證券競價拍賣系統

Page 4 of 24

65

66

67

68

69

70

71

72

73

74

75

76

77

78

79

80

81

82

83

84

85

86

87

88

27.5000

27.4500

27.4100

27.4000

27.3900

27.3000

27.2600

27.2500

27.2000

27.1300

27.1100

27.1000

27.0500

27.0000

26.9900

26.9500

26.8900

26.8800

26.8200

26.8100

26.8000

26.7800

26.7500

26.7300

192

5,280.00

2

1

32

2

33

30

20

432

5

2

104

1

838

11

4

40

24

3

30

556

6

20

100

54.90

27.41

876.80

54.78

900.90

817.80

545.00

11,750.40

135.65

54.22

2,818.40

27.05

22,626.00

296.89

107.80

1,075.60

645.12

80.46

804.30

14,900.80

160.68

535.00

2,673.00

https://scas.twse.com.tw/SCAS/StockExchange/Report

2024/10/11

各項報表查詢(T004) - 有價證券競價拍賣系統

Page 5 of 24

89

90

91

92

93

94

95

96

97

98

99

100

101

102

103

104

105

106

107

108

109

110

111

112

26.7000

26.6900

26.6800

26.6600

26.6400

26.6200

26.6000

26.5800

26.5500

26.5200

26.5100

26.5000

26.4900

26.4600

26.4300

26.4000

26.3900

26.3600

26.3100

26.3000

26.2800

26.2600

26.2500

26.2200

15

25

27

12

1

42

519

50

4

11

12

381

1

5

102

608

13

5

15

131

5

3

90

15

400.50

667.25

720.36

319.92

26.64

1,118.04

13,805.40

1,329.00

106.20

291.72

318.12

10,096.50

26.49

132.30

2,695.86

16,051.20

343.07

131.80

394.65

3,445.30

131.40

78.78

2,362.50

393.30

https://scas.twse.com.tw/SCAS/StockExchange/Report

2024/10/11

各項報表查詢(T004) - 有價證券競價拍賣系統

Page 6 of 24

113

114

115

116

117

118

119

120

121

122

123

124

125

126

127

128

129

130

131

132

133

134

135

136

26.2000

26.1900

26.1800

26.1700

26.1500

26.1300

26.1200

26.1100

26.1000

26.0900

26.0800

26.0700

26.0500

26.0200

26.0100

26.0000

25.9900

25.9800

25.9500

25.9100

25.9000

25.8900

25.8800

25.8600

678

95

22

32

70

100

96

35

453

29

21

50

8

6

20

17,763.60

2,488.05

575.96

837.44

1,830.50

2,613.00

2,507.52

913.85

11,823.30

756.61

547.68

1,303.50

208.40

156.12

520.20

3,320

86,320.00

1

3

25

48

36

20

116

120

25.99

77.94

648.75

1,243.68

932.40

517.80

3,002.08

3,103.20

https://scas.twse.com.tw/SCAS/StockExchange/Report

2024/10/11

各項報表查詢(T004) - 有價證券競價拍賣系統

Page 7 of 24

137

138

139

140

141

142

143

144

145

146

147

148

149

150

151

152

153

154

155

156

157

158

159

160

25.8500

25.8300

25.8200

25.8100

25.8000

25.7800

25.7600

25.7500

25.7100

25.7000

25.6900

25.6800

25.6700

25.6600

25.6500

25.6300

25.6200

25.6000

25.5800

25.5700

25.5500

25.5200

25.5100

25.5000

60

80

148

21

1,780

200

2

60

5

381

21

41

80

6

157

16

50

915

148

195

180

58

55

1,551.00

2,066.40

3,821.36

542.01

45,924.00

5,156.00

51.52

1,545.00

128.55

9,791.70

539.49

1,052.88

2,053.60

153.96

4,027.05

410.08

1,281.00

23,424.00

3,785.84

4,986.15

4,599.00

1,480.16

1,403.05

2,059

52,504.50

https://scas.twse.com.tw/SCAS/StockExchange/Report

2024/10/11

各項報表查詢(T004) - 有價證券競價拍賣系統

Page 8 of 24

161

162

163

164

165

166

167

168

169

170

171

172

173

174

175

176

177

178

179

180

181

182

183

184

25.4900

25.4800

25.4700

25.4600

25.4500

25.4400

25.4300

25.4000

25.3900

25.3800

25.3700

25.3600

25.3500

25.3300

25.3200

25.3100

25.3000

25.2800

25.2600

25.2500

25.2300

25.2200

25.2100

25.2000

10

21

17

37

10

4

20

382

108

248

2

22

11

23

12

10

254.90

535.08

432.99

942.02

254.50

101.76

508.60

9,702.80

2,742.12

6,294.24

50.74

557.92

278.85

582.59

303.84

253.10

781

19,759.30

43

40

61

66

31

17

1,087.04

1,010.40

1,540.25

1,665.18

781.82

428.57

1,251

31,525.20

https://scas.twse.com.tw/SCAS/StockExchange/Report

2024/10/11

各項報表查詢(T004) - 有價證券競價拍賣系統

Page 9 of 24

185

186

187

188

189

190

191

192

193

194

195

196

197

198

199

200

201

202

203

204

205

206

207

208

25.1900

25.1800

25.1700

25.1600

25.1500

25.1200

25.1100

25.1000

25.0900

25.0800

25.0700

25.0600

25.0500

25.0400

25.0300

25.0200

25.0100

25.0000

24.9900

24.9800

24.9700

24.9600

24.9500

24.9300

34

2,077

2

65

292

274

467

1,355

153

74

1

40

247

2

16

177

248

856.46

52,298.86

50.34

1,635.40

7,343.80

6,882.88

11,726.37

34,010.50

3,838.77

1,855.92

25.07

1,002.40

6,187.35

50.08

400.48

4,428.54

6,202.48

9,552

238,800.00

35

72

8

11

135

275

874.65

1,798.56

199.76

274.56

3,368.25

6,855.75

https://scas.twse.com.tw/SCAS/StockExchange/Report

2024/10/11

各項報表查詢(T004) - 有價證券競價拍賣系統

Page 10 of 24

209

210

211

212

213

214

215

216

217

218

219

220

221

222

223

224

225

226

227

228

229

230

231

232

24.9100

24.9000

24.8900

24.8800

24.8700

24.8600

24.8500

24.8300

24.8200

24.8000

24.7900

24.7800

24.7700

24.7600

24.7500

24.7300

24.7100

24.7000

24.6900

24.6800

24.6700

24.6600

24.6500

24.6400

50

503

260

373

12

89

226

56

42

1,266

10

44

14

30

126

20

25

983

95

187

270

896

40

1

1,245.50

12,524.70

6,471.40

9,280.24

298.44

2,212.54

5,616.10

1,390.48

1,042.44

31,396.80

247.90

1,090.32

346.78

742.80

3,118.50

494.60

617.75

24,280.10

2,345.55

4,615.16

6,660.90

22,095.36

986.00

24.64

https://scas.twse.com.tw/SCAS/StockExchange/Report

2024/10/11

各項報表查詢(T004) - 有價證券競價拍賣系統

Page 11 of 24

233

234

235

236

237

238

239

240

241

242

243

244

245

246

247

248

249

250

251

252

253

254

255

256

24.6300

24.6200

24.6100

24.6000

24.5900

24.5800

24.5700

24.5600

24.5500

24.5200

24.5100

24.5000

24.4800

24.4600

24.4500

24.4400

24.4200

24.4000

24.3900

24.3800

24.3600

24.3500

24.3400

24.3300

30

530

96

2,125

5

437

30

39

661

93

355

738.90

13,048.60

2,362.56

52,275.00

122.95

10,741.46

737.10

957.84

16,227.55

2,280.36

8,701.05

4,214

103,243.00

90

10

117

13

1

519

384

2,136

142

468

3

108

2,203.20

244.60

2,860.65

317.72

24.42

12,663.60

9,365.76

52,075.68

3,459.12

11,395.80

73.02

2,627.64

https://scas.twse.com.tw/SCAS/StockExchange/Report

2024/10/11

各項報表查詢(T004) - 有價證券競價拍賣系統

Page 12 of 24

257

258

259

260

261

262

263

264

265

266

267

268

269

270

271

272

273

274

275

276

277

278

279

280

24.3200

24.3100

24.3000

24.2800

24.2700

24.2600

24.2500

24.2400

24.2300

24.2200

24.2100

24.2000

24.1900

24.1800

24.1700

24.1600

24.1500

24.1400

24.1300

24.1200

24.1100

24.1000

24.0900

24.0800

1

36

1,519

135

100

201

428

40

6

514

1,046

1,674

55

266

43

51

869

20

30

320

393

2,362

100

311

24.32

875.16

36,911.70

3,277.80

2,427.00

4,876.26

10,379.00

969.60

145.38

12,449.08

25,323.66

40,510.80

1,330.45

6,431.88

1,039.31

1,232.16

20,986.35

482.80

723.90

7,718.40

9,475.23

56,924.20

2,409.00

7,488.88

https://scas.twse.com.tw/SCAS/StockExchange/Report

2024/10/11

各項報表查詢(T004) - 有價證券競價拍賣系統

Page 13 of 24

281

282

283

284

285

286

287

288

289

290

291

292

293

294

295

296

297

298

299

300

301

302

303

304

24.0700

24.0600

24.0500

24.0300

24.0200

24.0100

24.0000

23.9900

23.9800

23.9600

23.9500

23.9400

23.9300

23.9200

23.9100

23.9000

23.8900

23.8800

23.8700

23.8600

23.8500

23.8300

23.8200

23.8100

25

182

863

367

244

358

601.75

4,378.92

20,755.15

8,819.01

5,860.88

8,595.58

13,938

334,512.00

221

77

57

289

20

170

20

125

608

550

767

107

169

381

100

230

303

5,301.79

1,846.46

1,365.72

6,921.55

478.80

4,068.10

478.40

2,988.75

14,531.20

13,139.50

18,315.96

2,554.09

4,032.34

9,086.85

2,383.00

5,478.60

7,214.43

https://scas.twse.com.tw/SCAS/StockExchange/Report

2024/10/11

各項報表查詢(T004) - 有價證券競價拍賣系統

Page 14 of 24

305

306

307

308

309

310

311

312

313

314

315

316

317

318

319

320

321

322

323

324

325

326

327

328

23.8000

23.7900

23.7800

23.7700

23.7600

23.7500

23.7400

23.7300

23.7200

23.7100

23.7000

23.6900

23.6800

23.6700

23.6600

23.6500

23.6400

23.6300

23.6200

23.6100

23.6000

23.5900

23.5800

23.5600

3,823

90,987.40

318

137

277

29

299

20

4

1,070

55

1,054

6,444

1,317

52

206

337

339

53

155

260

4,960

64

799

382

7,565.22

3,257.86

6,584.29

689.04

7,101.25

474.80

94.92

25,380.40

1,304.05

24,979.80

152,658.36

31,186.56

1,230.84

4,873.96

7,970.05

8,013.96

1,252.39

3,661.10

6,138.60

117,056.00

1,509.76

18,840.42

8,999.92

https://scas.twse.com.tw/SCAS/StockExchange/Report

2024/10/11

各項報表查詢(T004) - 有價證券競價拍賣系統

Page 15 of 24

329

330

331

332

333

334

335

336

337

338

339

340

341

342

343

344

345

346

347

348

349

350

351

352

23.5500

23.5400

23.5300

23.5200

23.5100

23.5000

23.4900

23.4800

23.4600

23.4500

23.4300

23.4200

23.4100

23.4000

23.3900

23.3800

23.3700

23.3600

23.3500

23.3400

23.3300

23.3200

23.3100

23.3000

663

17

359

2,022

450

8,537

161

183

230

421

51

180

58

540

395

228

45

278

161

2

176

1,061

209

2,727

15,613.65

400.18

8,447.27

47,557.44

10,579.50

200,619.50

3,781.89

4,296.84

5,395.80

9,872.45

1,194.93

4,215.60

1,357.78

12,636.00

9,239.05

5,330.64

1,051.65

6,494.08

3,759.35

46.68

4,106.08

24,742.52

4,871.79

63,539.10

https://scas.twse.com.tw/SCAS/StockExchange/Report

2024/10/11

各項報表查詢(T004) - 有價證券競價拍賣系統

Page 16 of 24

353

354

355

356

357

358

359

360

361

362

363

364

365

366

367

368

369

370

371

372

373

374

375

376

23.2900

23.2800

23.2700

23.2600

23.2500

23.2400

23.2300

23.2200

23.2100

23.2000

23.1900

23.1800

23.1700

23.1600

23.1500

23.1400

23.1300

23.1200

23.1100

23.1000

23.0900

23.0800

23.0700

23.0600

714

480

135

8

278

2,001

96

285

75

3,201

86

1,350

147

208

542

20

60

3,326

4,600

4,900

254

417

503

188

16,629.06

11,174.40

3,141.45

186.08

6,463.50

46,503.24

2,230.08

6,617.70

1,740.75

74,263.20

1,994.34

31,293.00

3,405.99

4,817.28

12,547.30

462.80

1,387.80

76,897.12

106,306.00

113,190.00

5,864.86

9,624.36

11,604.21

4,335.28

https://scas.twse.com.tw/SCAS/StockExchange/Report

2024/10/11

各項報表查詢(T004) - 有價證券競價拍賣系統

Page 17 of 24

377

378

379

380

381

382

383

384

385

386

387

388

389

390

391

392

393

394

395

396

397

398

399

400

23.0500

23.0400

23.0300

23.0200

23.0100

23.0000

22.9900

22.9800

22.9700

22.9600

22.9500

22.9400

22.9300

22.9200

22.9100

22.9000

22.8900

22.8800

22.8700

22.8600

22.8500

22.8300

22.8200

22.8100

706

12

444

2,948

868

17,299

45

782

15

191

134

510

21

1,031

158

1,717

833

2,564

479

1,639

1,302

75

1,070

289

16,273.30

276.48

10,225.32

67,862.96

19,972.68

397,877.00

1,034.55

17,970.36

344.55

4,385.36

3,075.30

11,699.40

481.53

23,630.52

3,619.78

39,319.30

19,067.37

58,664.32

10,954.73

37,467.54

29,750.70

1,712.25

24,417.40

6,592.09

https://scas.twse.com.tw/SCAS/StockExchange/Report

2024/10/11

各項報表查詢(T004) - 有價證券競價拍賣系統

Page 18 of 24

401

402

403

404

405

406

407

408

409

410

411

412

413

414

415

416

417

418

419

420

421

422

423

424

22.8000

22.7900

22.7800

22.7700

22.7600

22.7500

22.7400

22.7300

22.7200

22.7100

22.7000

22.6900

22.6800

22.6700

22.6600

22.6500

22.6300

22.6200

22.6100

22.6000

22.5900

22.5800

22.5700

22.5600

2,561

13

713

50

2,101

405

17

25

2,501

2,417

2,690

21

1,946

235

830

523

118

872

586

5,042

105

3,812

50

1,127

58,390.80

296.27

16,242.14

1,138.50

47,818.76

9,213.75

386.58

568.25

56,822.72

54,890.07

61,063.00

476.49

44,135.28

5,327.45

18,807.80

11,845.95

2,670.34

19,724.64

13,249.46

113,949.20

2,371.95

86,074.96

1,128.50

25,425.12

https://scas.twse.com.tw/SCAS/StockExchange/Report

2024/10/11

各項報表查詢(T004) - 有價證券競價拍賣系統

Page 19 of 24

425

426

427

428

429

430

431

432

433

434

435

436

437

438

439

440

441

442

443

444

445

446

447

448

22.5500

22.5400

22.5300

22.5200

22.5100

22.5000

22.4900

22.4800

22.4600

22.4500

22.4400

22.4300

22.4200

22.4100

22.4000

22.3900

22.3800

22.3700

22.3600

22.3500

22.3400

22.3300

22.3200

22.3100

955

11

555

1,836

1,386

10,294

50

68

64

227

22

5

1,365

1,984

1,083

542

2,372

145

117

728

43

375

1,072

840

21,535.25

247.94

12,504.15

41,346.72

31,198.86

231,615.00

1,124.50

1,528.64

1,437.44

5,096.15

493.68

112.15

30,603.30

44,461.44

24,259.20

12,135.38

53,085.36

3,243.65

2,616.12

16,270.80

960.62

8,373.75

23,927.04

18,740.40

https://scas.twse.com.tw/SCAS/StockExchange/Report

2024/10/11

各項報表查詢(T004) - 有價證券競價拍賣系統

Page 20 of 24

449

450

451

452

453

454

455

456

457

458

459

460

461

462

463

464

465

466

467

468

469

470

471

472

22.3000

22.2900

22.2800

22.2700

22.2600

22.2500

22.2400

22.2300

22.2200

22.2100

22.2000

22.1900

22.1800

22.1700

22.1600

22.1500

22.1400

22.1300

22.1200

22.1100

22.1000

22.0900

22.0800

22.0700

2,619

58,403.70

25

338

114

134

840

3

757

850

221

4,256

65

238

545

117

441

5

1,070

2,029

3,573

6,626

24

1,262

91

557.25

7,530.64

2,538.78

2,982.84

18,690.00

66.72

16,828.11

18,887.00

4,908.41

94,483.20

1,442.35

5,278.84

12,082.65

2,592.72

9,768.15

110.70

23,679.10

44,881.48

78,999.03

146,434.60

530.16

27,864.96

2,008.37

https://scas.twse.com.tw/SCAS/StockExchange/Report

2024/10/11

各項報表查詢(T004) - 有價證券競價拍賣系統

Page 21 of 24

473

474

475

476

477

478

479

480

481

482

483

484

485

486

487

488

489

490

491

492

493

494

495

496

22.0600

22.0500

22.0400

22.0300

22.0200

22.0100

22.0000

21.9900

21.9800

21.9600

21.9500

21.9400

21.9300

21.9200

21.9100

21.9000

21.8900

21.8800

21.8700

21.8600

21.8500

21.8400

21.8300

21.8200

299

463

50

900

2,270

1,056

22,390

128

873

5

427

6

290

1,767

22

1,421

910

1,654

553

253

1,425

8

8

214

6,595.94

10,209.15

1,102.00

19,827.00

49,985.40

23,242.56

492,580.00

2,814.72

19,188.54

109.80

9,372.65

131.64

6,359.70

38,732.64

482.02

31,119.90

19,919.90

36,189.52

12,094.11

5,530.58

31,136.25

174.72

174.64

4,669.48

https://scas.twse.com.tw/SCAS/StockExchange/Report

2024/10/11

各項報表查詢(T004) - 有價證券競價拍賣系統

Page 22 of 24

497

498

499

500

501

502

503

504

505

506

507

508

509

510

511

512

513

514

515

21.8100

21.8000

21.7900

21.7800

21.7700

21.7600

21.7500

21.7400

21.7300

21.7200

21.7100

21.7000

21.6900

21.6800

21.6700

21.6600

21.6500

21.6400

21.6300

206

3,708

23

529

233

168

437

25

272

35

102

2,432

33

960

721

316

525

60

3,154

4,492.86

80,834.40

501.17

11,521.62

5,072.41

3,655.68

9,504.75

543.50

5,910.56

760.20

2,214.42

52,774.40

715.77

20,812.80

15,624.07

6,844.56

11,366.25

1,298.40

68,221.02

https://scas.twse.com.tw/SCAS/StockExchange/Report

2024/10/11

各項報表查詢(T004) - 有價證券競價拍賣系統

Page 23 of 24

星宇航空 初上市

有價證券銷售電腦競價拍賣投標、得標統計表

競拍⽅式：美國標

主辦承銷商：第⼀⾦

最低承銷價格： 17.3900

最低得標價格： 21.6300

最⾼得標價格： 100.0000

開標⽇期： 2024/10/11

公開承銷價格： 20.0000

印表時間： 2024/10/11 11:18:37

得標加權平均價格： 23.2800

⾴數：1

合格投標筆數 合格投標數量(仟股) 得標筆數 得標數量(仟股) 得標總⾦額(仟元)

32,011

687,938

11,662

319,600

7,440,972.87

https://scas.twse.com.tw/SCAS/StockExchange/Report

2024/10/11

各項報表查詢(T004) - 有價證券競價拍賣系統

Page 24 of 24

星宇航空 初上市

有價證券銷售電腦競價拍賣法⼈投標、得標統計表

競拍⽅式：美國標

主辦承銷商：第⼀⾦

最低承銷價格： 17.3900

最低得標價格： 21.6300

最⾼得標價格： 100.0000

開標⽇期： 2024/10/11

公開承銷價格： 20.0000

印表時間： 2024/10/11 11:18:41

得標加權平均價格： 23.2800

⾴數：1

合格投標
筆數

合格投標數量
(仟股)

投標數量比
率%

得標筆
數

得標數量(仟
股)

得標數量比
率%

233

61,887

9.00

141

29,793

9.32

說明：
投標數量比率=法⼈合格投標數量 / 總合格投標數量 * 100%
得標數量比率=法⼈得標數量 / 總得標數量 * 100%

https://scas.twse.com.tw/SCAS/StockExchange/Report

2024/10/11


